68 Landmark Features Indexes For Basel Face Model (From: https://github.com/anilbas/BFMLandmarks/blob/master/Landmarks68_BFM.anl)
1831
3643
3887
4805
5049
5622
5779
5905
6024
6214
6794
6881
7014
7264
7509
7636
8161
8172
8179
8185
8202
8215
8223
8228
8236
8828
8836
9063
9294
9403
9556
9955
10267
10404
10764
10922
11095
11366
12255
12397
13399
14197
21868
22298
22327
22404
32205
32516
32616
32701
38910
39396
39693
39934
40131
40843
41006
41179
41430
43430
45175
46312
47132
47911
48692
49737
51376
53136
